
  -                                                                                                      : 22.08.97
 .                                                                                                                                  : 1
 .. 1205010757
 
  .                                                                                                                                    
      
                   ӌ ӂ.    ӎ.-Ӏӄ. ӏ. Ӕ.ӈ..Ӑ. 
 
     25      01       23.01.96     1160.00
         059
     26      01       23.01.96     1740.00
         059
     27      02       03.02.96     1400.00
         061
     28      02       03.02.96      537.50
         061
     29      02       03.02.96       73.75
         061
     30      02       03.02.96       44.96
         061
     31      02       03.02.96       84.66
         061
     32      02       03.02.96      177.70
         061
     33      02       03.02.96      100.00
         061
     34      02       03.02.96     1160.00
         061
     35      02       03.02.96       55.00
         061
     36      02       03.02.96     1968.60
         061
     37      02       03.02.96      242.00
         061
     38      03       11.02.96       72.00
         01
     39      03       11.02.96     2362.32
         01
     60      04       21.04.96      900.00
         08
     63      05       10.05.96     1500.00
         
     64      05       10.05.96      507.50
         
     16    715      12.03.96                  103.20
        
     17     399      11.03.96                 2500.00
        
     18    547      21.03.96                  500.00
        
     20    606      28.03.96                 2360.00
        
     21     01       15.01.96                13000.00
        
     22     02       07.01.96                17000.00
         
     23     03       15.01.96                14000.00
         
     24     04       04.02.96                15000.00
         
     47 .  50082    19.04.96                 1000.00
        
                 :         14085.99    72675.38        0.00        0.00        0.00      796.40     4715.00        0.00     4618.00      571.80
 

                                    :    91235.58
                                    :    97462.57
                       ( - ):    -6226.99


                                                            :
