
 ЕТ КОНСУЛТ-Дими▓║░ Павлов                                                   ДАТА: 22.08.97
 г░. Нова Заго░а                            МАТЕРИАЛНИ ЗАПАСИ                 СТР: 1
 Д.Н. 1205010757
┌────┬─────────────────────┬─────┬────────┬───────────┬───────────┬───────────┬───────────╧
╙  ╒ ╙    НАИМЕНОВАНИЕ     ╙МЯРКА╙СР.ЦЕНА ╙ОСТАТЪК 1.1╙  ПРИХОД   ╙  РАЗХОД   ╙ НАЛИЧНОСТ ╙
└────┴─────────────────────┴─────┴────────┴───────────┴───────────┴───────────┴───────────┘
    1 комп╛▓║░ен ┤ил▓║░     б░ой     0.000       0.000       1.000       1.000       0.000
                С▓ойно▒▓:                         0.00      500.00      500.00        0.00
    2 ПАНЦЕР 63А            б░ой   105.000       0.000       5.000       0.000       5.000
                С▓ойно▒▓:                         0.00      525.00        0.00      525.00
    3 кабел-POWER           б░ой   207.500       1.000       2.000       2.000       1.000
                С▓ойно▒▓:                        84.50      538.00      415.00      207.50
    4 лен▓а-п░ин▓е░на       б░ой   120.000       1.000       0.000       0.000       1.000
                С▓ойно▒▓:                       120.00        0.00        0.00      120.00
    5 В9316-д░е╡и           б░ой     0.000       0.000       0.000       0.000       0.000
                С▓ойно▒▓:                         0.00        0.00        0.00        0.00
    6 В9314-д░е╡и           б░ой     0.000       0.000       0.000       0.000       0.000
                С▓ойно▒▓:                         0.00        0.00        0.00        0.00
    7 В9239а-д░е╡и          б░ой     0.000       0.000       0.000       0.000       0.000
                С▓ойно▒▓:                         0.00        0.00        0.00        0.00
    8 В9312-д░е╡и           б░ой     0.000       0.000       0.000       0.000       0.000
                С▓ойно▒▓:                         0.00        0.00        0.00        0.00
    9 В9308-д░е╡и           б░ой     0.000       0.000       0.000       0.000       0.000
                С▓ойно▒▓:                         0.00        0.00        0.00        0.00
   10 В9306-д░е╡и           б░ой     0.000       0.000       0.000       0.000       0.000
                С▓ойно▒▓:                         0.00        0.00        0.00        0.00
   11 В5228-д░е╡и           б░ой     0.000       0.000       0.000       0.000       0.000
                С▓ойно▒▓:                         0.00        0.00        0.00        0.00
   12 В5240-д░е╡и           б░ой     0.000       0.000       0.000       0.000       0.000
                С▓ойно▒▓:                         0.00        0.00        0.00        0.00
   13 ди▒ке▓и 3,5"          б░ой     0.000       0.000       0.000       0.000       0.000
                С▓ойно▒▓:                         0.00        0.00        0.00        0.00
   14 адап▓о░ RS-232        б░ой     0.000       0.000       0.000       0.000       0.000
                С▓ойно▒▓:                         0.00        0.00        0.00        0.00
   15 о▒нова_63А            б░ой    69.000       0.000      20.000       0.000      20.000
                С▓ойно▒▓:                         0.00     1380.00        0.00     1380.00
   16 о▒нова_25А            б░ой    69.000       0.000      20.000       0.000      20.000
                С▓ойно▒▓:                         0.00     1380.00        0.00     1380.00
   17 капа╖ка_63А           б░ой    23.000      20.000       0.000       0.000      20.000
                С▓ойно▒▓:                       460.00        0.00        0.00      460.00
   18 капа╖ка_25А           б░ой     0.000       0.000       0.000       0.000       0.000
                С▓ойно▒▓:                         0.00        0.00        0.00        0.00
   19 п░едпази▓ел_63А       б░ой     0.000       0.000       0.000       0.000       0.000
                С▓ойно▒▓:                         0.00        0.00        0.00        0.00
   20 п░едпази▓ел_25А       б░ой     7.375      32.000       0.000      10.000      22.000
                С▓ойно▒▓:                       236.00        0.00       73.75      162.25
   21 ▓е▓░адка              б░ой     0.000       0.000       0.000       0.000       0.000
                С▓ойно▒▓:                         0.00        0.00        0.00        0.00
   22 ┤ак▓│░и               б░ой     0.000       0.000       0.000       0.000       0.000
                С▓ойно▒▓:                         0.00        0.00        0.00        0.00
   23 ┤инан.п░икл.          б░ой     0.000       0.000       0.000       0.000       0.000
                С▓ойно▒▓:                         0.00        0.00        0.00        0.00
   24 ЗЗД                   б░ой     0.000       0.000       0.000       0.000       0.000
                С▓ойно▒▓:                         0.00        0.00        0.00        0.00
   25 п░им.догов.           б░ой     0.000       0.000       0.000       0.000       0.000
                С▓ойно▒▓:                         0.00        0.00        0.00        0.00
   26 папки                 б░ой     0.000       0.000       0.000       0.000       0.000
                С▓ойно▒▓:                         0.00        0.00        0.00        0.00
   27 пла▓.на░еж.           б░ой     0.000       0.000       0.000       0.000       0.000
                С▓ойно▒▓:                         0.00        0.00        0.00        0.00
   28 fax/modem 9624        б░ой     0.000       0.000       0.000       0.000       0.000
                С▓ойно▒▓:                         0.00        0.00        0.00        0.00

                               ОБЩА СУМА:     13931.77    33647.88    18800.99    28778.66

                                                                 СЧЕТОВОДИТЕЛ:
